

ROW1 : sad
ROW2 : 23.02.2222
ROW3 : fgh
ROW4 : a/b/c/d/e/f


C1	c2	c3	c4	c5	c6	c7	c8	c9	c10
1	0.767	0.767	0.767	0.767	0.767	0.767	0.767	0.767	89
2	0.3535	0.767	0.767	0.767	0.767	0.767	0.767	0.767	89
3	0.8787	0.767	0.767	0.767	0.767	0.767	0.767	0.767	89
4	0.878	0.767	0.767	0.767	0.767	0.767	0.767	0.767	89
5	0.878	0.767	0.767	0.767	0.767	0.767	0.767	0.767	89
6	0.878	0.767	0.767	0.767	0.767	0.767	0.767	0.767	89
7	0.878	0.767	0.767	0.767	0.767	0.767	0.767	0.767	89
8	0.878	0.767	0.767	0.767	0.767	0.767	0.767	0.767	89
9	0.878	0.767	0.767	0.767	0.767	0.767	0.767	0.767	89
10	0.878	0.767	0.767	0.767	0.767	0.767	0.767	0.767	89
11	0.878	0.767	0.767	0.767	0.767	0.767	0.767	0.767	89
12	0.878	0.767	0.767	0.767	0.767	0.767	0.767	0.767	89
13	0.878	0.767	0.767	0.767	0.767	0.767	0.767	0.767	89
14	0.878	0.767	0.767	0.767	0.767	0.767	0.767	0.767	89
15	0.878	0.767	0.767	0.767	0.767	0.767	0.767	0.767	89


Test done by : .....
Current Status : .....